                                      co 1;mn 1;      ag 1;
1000                                  co 2;
166.6;
166.6;
166.6                                                 ro 1;
        do 37 109 10  1  0.09 1;
166.6   do 47 98  14  1  0.3 1;
        bi 63 6; 
166.6   do 48 72  17  1  0.5 1;
83.4    bi 64 6; bi2 63 6;
83.2    do 58 60  23  1  0.5 1;       co 3;
200     do 63 50  30  1  0.5 1;
200     do 74 40  45  1  0.5 1;
200     do 79 38  47  1  0.5 1;
        bi 63 5;
200     bi 63 5;
150     do 77 45  50  2  1   1;
        bi 61 3; bi 64 4;
50      bi 63 4;
200     bi 63 5;
50      bi 64 7;
450                                   co 1; mn 2;     ag 1;
        do 66 65  50  2  1.4 1;       
1000                                  co 2;
250     bi 61 5; bi1 63 6;
250     bi 61 4;
250     bi 62 0; bi1 61 5;
250     bi 61 3; bi1 64 8;            co 3;
        do 40 38  10  1  0.2 1;
1000                                  co 1;mn 3;
250     bi 62 0; bi1 61 4;
750                                   co 2;
        do 56 42  10  1  0.7 1;
250     bi1 61 3;bi2 63 3;
250     do 44 40  10  1  0.3 1;                       ro 0;
500                                   co 3;
1500                                  co 1;mn 4;      ag 1;
1000                                  co 2;           ro 1;
        do 44 60 10 1 0.5 1;
        bi 63 8; bi1 64 7;
200     bi 61 6;
200     bi 61 7;
200     bi 61 8;
200     bi 61 9; bi1 62 0;
200     do 41 75 30 1 0.4 1;          co 3;
        bi 63 8;
500     bi 61 4; bi1 64 5;
250     bi 62 0; bi1 63 5; bi2 61 5;
250                                   co 4;
500     bi 61 4; bi 64 3;
500     bi 61 3;                      co 5;
300     bi 63 4; bi1 61 4;                            ro 0;
200     bi 64 3;
500                                   co 1;mn 5;      ag 1;
750     do 76 40 10 1 2 1;                            ro 1;
250     do 86 50 10 1 5 1;
200     bi 64 5; bi1 61 6;
133.3   do 73 55 10 1 2 1;
66.7    bi 63 5; bi1 64 5; bi2 61 6;
200     bi 61 8; bi1 64 6;
66.6    do 63 65 10 1 0.7 1;
133.4   bi 63 5; bi1 61 7;
200     bi 64 7;
100     bi 64 8;
200     bi 64 8;
200     do 58 70 10 1 0.5 1;
200     do 47 75 20 1 0.2 1;
100     bi 64 9;
100     do 42 80 25 1 0.1 1;
200     do 56 85 30 1 0.5 1;
200     do 67 90 40 1 2 1;
200     bi 61 6;                      co 1;mn 6;      ag 1;
250     do 45 60 40 2 0.3 1;                          ro 0;
750                                   co 2;

3000                                  co 1;mn 7;      ag 1;
                                                      ro 2;
        do 33 20 60 3 0.6 0;
1000                                  co 2;
1000                                  co 3;
500     do 62 20 60 2 4 0;
500     do 61 23 60 3 1 0;            co 1;mn 8;
1000                                  co 2;
1000                                  co 3;
500     do 71 32 60 2 5 0;
500     do 78 30 60 3 10 0;           co 1;mn 9;
1000                                  co 2;
1500                                  co 1;mn 10;      ag 1;
        do 76 35 10 3 10 0;
1000                                  co 2;
1000                                  co 3;
1000                                  co 1;mn 11;
1000                                  co 2;
1000                                  co 3;
1000                                  co 1;mn 12;      ag 1;
        do 75 40 10 3 6 0;
666.6   do 56 36 10 3 0.5 0;
333.4                                 co 2;
333.3   do 67 35 10 3 1 0;
666.7                                 co 3;
500     do 65 40 10 3 1.5 0;
500     do 48 30 10 3 0.2 0;          co 1;mn 13;
750     do 57 34 10 3 0.5 0;          co 2;            ro 0;
1000                                                   ag 1;
                                      co 1;mn 14;      ro 2;
        do 34 30 50 3 0.3 0;
1000                                  co 2;
1000                                  co 3;
1000                                  co 1;mn 15;
1000                                  co 2;
1000                                  co 3;
1000                                  co 1;mn 16;      ag 1;
500     do 77 40 10 3 6 0;
500     do 54 37 10 3 0.5 0;          co 2;
500     do 68 40 10 3 1.5 0; 
500     do 61 39 10 3 1.2 0;          co 3;
500     do 62 40 10 3 2 0;
500                                   co 1;mn 17;
500                                   co 2;
750                                   co 1;mn 18;
1000                                  co 2;
1000                                  co 3;
1000                                  co 1;mn 19;       ag 1;
1000    do 40 41 50 3 0.2 0;          co 2;
1000                                  co 3;
1000                                  co 4;
1000                                  co 5;
1000                                  co 1;mn 20;       ag 1;
1000    do 59 45 80 3 1 0;            co 2;
1000                                  co 3;
1000                                  co 1;mn 21;
1000    do 48 30 90 3 0.3 0;          co 2;
500     do 62 25 80 3 3 0;
1000                                  co 1;mn 22;
750                                   co 2;
750                                   co 3;
750                                   co 1;mn 23;       ag 1;ro 2; 
1000    do 67 20 10 3 3 0;            co 2;                   
1000                                  co 3;
1000                                  co 1;mn 24;
200     do 45 18 10 3 0.5 0;
400     do 50 19 10 3 0.6 0;
400                                   co 2;
1000                                  co 3;
1000    do 76 45 10 3 4 0;            co 1;mn 25;       ag 1;
500     do 77 44 10 3 5 0;
500     do 72 42 10 3 2 0;            co 2; 
500     do 71 35 10 3 1 0;
500     do 63 33 10 3 1 0;            co 3;
500     do 56 30 10 3 0.4 0; 
500     do 58 28 10 3 0.4 0;          co 1;mn 26;
500     do 47 25 10 3 0.2 0;          co 2;
500     do 42 30 10 3 0.1 0;                            ro 0;
4000                                  co 1;mn 27;       ag 1;
1000                                  co 2;
1000    do 72 79 10 1 8 1;            co 3;             ro 1;
        bi 63 8; bi1 64 7;
200     bi 61 6;
200     bi 61 7; bi1 63 6;
200     bi 61 8;
200     bi 61 9; bi1 62 0;
200     do 47 75 10 1 0.1 1;          co 4;
400     bi 63 5;
100     bi 64 4;                                        ag 1;
3500                                  co 1;mn 28;
1000    bi 64 4;bi1 63 3;             co 2;
250     bi 61 7;
250     do 40 80 10 1 0.2 1; bi 64 7;
500                                   co 1;mn 29;       ag 1;
250     bi 64 3;bi1 61 5;
150     bi 63 5;
100     do 38 83 10 1 0.15 1;
100     bi 64 4;
200     bi 63 5;bi1 61 7;
200                                   co 2;
1000                                  co 3;
333.3   do 51 70 10 1 0.6 1;
333.3   bi 64 6; bi1 62 0;
333.4                                 co 1;mn 30;
166.65   bi 61 5;
166.65   bi 61 5;bi1 63 5;bi2 64 5;
166.65   bi 63 6;
166.65   do 73 75 10 1 2 1; bi 62 0;
333.4                                 co 2;
250      bi 61 2;
250      bi 61 2;
250      bi 61 2;
250      bi 61 2;                     co 3;
200      bi 63 6;
133.3    do 42 85 10 1 0.25 1;
666.7                                 co 1;mn 31;       ag 1;
3000                                  co 1;mn 32;
         do 77 79 10 1 2 1;
83.3     do 58 76 10 1 1 1;
83.3     do 44 73 10 1 0.1 1;
83.3     do 55 70 10 1 0.1 1;
83.4     do 45 67 10 1 0.1 1;
83.3     do 72 64 10 1 2 1;
83.3     do 73 61 10 1 2 1;
83.3     do 49 65 10 1 0.1 1;
83.4     do 39 69 10 1 0.5 1;
83.3     do 34 73 10 1 0.5 1;
83.3     do 47 77 10 1 0.1 1;
83.4     do 66 81 10 1 4 1;
83.4                                  co 1;mn 33;      ag 1;
4000                                  co 1;mn 34;
1000                                  co 2;
1000    do 66 50 10 1 1.5 1;
500                                   co 1;mn 35;
1000                                  co 2;
1000                                  co 3;
1000                                  co 4;
333.3   do 68 55 10 1 1.6 1;
666.7                                 co 1;mn 36;      ag 1;
1000                                  co 2;
        do 43 65 10 1 0.4 1;
500     bi 63 4;bi1 61 2;
500     bi 61 2
500                                   co 1;mn 37;      ag 1;
        do 57 66 10 1 0.9 1;
1000                                  co 2;
1000                                  co 3;
1000                                  co 1;mn 38;  
1000                                  co 2;
1000                                  co 3;
        do 76 50 10 1 3 1;
200     bi 64 5;
200     bi 62 4;
400     do 65 50 10 1 1.8 1;
200                                   co 1;mn 39;       ag 1;
        do 50 45 10 1 0.5 1;
1000                                  co 2;
1500                                  co 1;mn 40;       ag 1;
500     do 50 50 10 1 0.5 1;
250     bi 63 5;bi1 62 0;
250                                   co 1;mn 41;
        do 39 52 10 1 0.01 1;
	bi1 64 6;  
500                                   co 2;
750                                   co 1;mn 42;       ag 1;
1000                                  co 2;
666.7   do 83 45 10 1 4 1;   
333.3                                 co 3;
1000                                  co 1;mn 43;       ag 1;
500                                   co 2;             ro 0;
750                                   co 1;mn 44;       ro 2;
         do 72 55 50 3 2 0;
333.3    do 70 56 50 3 2 0;
333.3    do 65 57 50 3 2 0;
333.4                                 co 2;
500      do 75 60 50 3 6 0;
500                                   co 1;mn 45;
         do 74 60 50 3 5 0;
1000     do 67 60 50 3 3 0;
500                                   co 1;mn 46;       ag 1;
         do 66 60 50 3 8 0;
1000                                  co 2;
1000                                  co 3;
1500                                  co 1;mn 47;       ag 1;
         do 64 60 50 3 3 0;
1000                                  co 2;
1000                                  co 3;
1000                                  co 1;mn 48;
         do 62 60 50 3 3 0;
1000                                  co 2;
1000                                  co 3;
1000                                  co 1;mn 49;
3000                                  co 1;mn 50;       ag 1;
1000     do 57 60 50 3 4 0;
1000                                  co 2;
1000                                  co 3;
1000                                  co 4;
1000                                  co 1;mn 55;
1000                                  co 2;
1000                                  co 3;
1000                                  co 4;
1000                                  co 1;mn 56;       ag 1;
        do 56 63 50 3 1 0;
750     do 49 62 50 3 0.5 0;                            ro 0;
250                                   co 2;
1000                                  co 3;
1000                                  co 1;mn 57;       ag 1;
5000                                  co 1;mn 58;       ro 1;
        do 58 45 10 1 0.5 1;
250     do 71 43 10 1 1 1; bi 61 2;
500                                   co 2;
1000                                  co 3;
1000                                  co 1;mn 59;
        do 42 40 10 1 0.05 1;
1000                                  co 2;
        bi 63 1;
200     bi 64 1;
300     do 68 31 10 1 1 1;
500                                   co 3;
375     bi 61 3; bi1 64 2;
125     do 79 40 10 1 3 1;
500                                   co 1;mn 60;        ag 1;
500     do 45 48 10 1 0.08 1; bi 64 4;
200     bi 61 4; bi1 63 4;
200     bi 61 5; bi1 63 5;
100                                   co 2;
100     bi 61 6; 
150     do 40 55 10 1 0.05 1; bi 64 6; 
50      bi 63 7;
200     bi 62 0;
500                                   co 3;
1000                                  co 1;mn 61;
250     do 77 70 10 1 3 1; bi 63 8;
150     bi 64 8;
100     do 48 70 10 1 0.2 1; 
100     bi 61 8;
150     do 74 75 10 1 1.5 1;
50      bi 64 8; bi1 63 8; bi2 61 8;
200                                   co 2;
        do 63 80 10 1 1 1;
333.3   bi 63 8; bi1 62 0;
333.3   do 39 76 10 1 0.5 1;
333.4                                 co 3;
1000                                  co 1;mn 62;        ag 1;   
















 
